Some((
    red: 0.25075588,
    green: 0.2628902,
    blue: 0.28715885,
    alpha: 1.0,
))